# This file may be used to create an environment using:
# $ conda create --name <env> --file <this file>
# platform: linux-64
_nb_ext_conf=0.4.0=py36_1
_tflow_180_select=1.0=gpu
absl-py=0.2.2=py36_0
anaconda-client=1.6.14=py36_0
asn1crypto=0.24.0=py36_0
astor=0.6.2=py36_0
backcall=0.1.0=py36_0
blas=1.0=mkl
bleach=1.5.0=py36_0
ca-certificates=2018.03.07=0
certifi=2018.4.16=py36_0
cffi=1.11.5=py36h9745a5d_0
chardet=3.0.4=py36h0f667ec_1
clyent=1.2.2=py36h7e57e65_1
cryptography=2.2.2=py36h14c3975_0
cudatoolkit=9.0=h13b8566_0
cudnn=7.1.2=cuda9.0_0
cupti=9.0.176=0
decorator=4.3.0=py36_0
entrypoints=0.2.3=py36h1aec115_2
gast=0.2.0=py36_0
gmp=6.1.2=h6c8ec71_1
grpcio=1.12.1=py36hdbcaa40_0
h5py=2.8.0=py36ha1f6525_0
hdf5=1.10.2=hba1933b_1
html5lib=0.9999999=py36_0
idna=2.7=py36_0
intel-openmp=2018.0.3=0
ipykernel=4.8.2=py36_0
ipython=6.4.0=py36_0
ipython_genutils=0.2.0=py36hb52b0d5_0
ipywidgets=7.2.1=py36_0
jedi=0.12.0=py36_1
jinja2=2.10=py36ha16c418_0
jsonschema=2.6.0=py36h006f8b5_0
jupyter_client=5.2.3=py36_0
jupyter_core=4.4.0=py36h7c827e3_0
keras=2.2.0=0
keras-applications=1.0.2=py36_0
keras-base=2.2.0=py36_0
keras-preprocessing=1.0.1=py36_0
libedit=3.1.20170329=h6b74fdf_2
libffi=3.2.1=hd88cf55_4
libgcc-ng=7.2.0=hdf63c60_3
libgfortran-ng=7.2.0=hdf63c60_3
libprotobuf=3.5.2=h6f1eeef_0
libsodium=1.0.16=h1bed415_0
libstdcxx-ng=7.2.0=hdf63c60_3
markdown=2.6.11=py36_0
markupsafe=1.0=py36hd9260cd_1
mistune=0.8.3=py36h14c3975_1
mkl=2018.0.3=1
mkl_fft=1.0.1=py36h3010b51_0
mkl_random=1.0.1=py36h629b387_0
nb_anacondacloud=1.4.0=py36_0
nb_conda=2.2.1=py36h8118bb2_0
nb_conda_kernels=2.1.0=py36_0
nbconvert=5.3.1=py36hb41ffb7_0
nbformat=4.4.0=py36h31c9010_0
nbpresent=3.0.2=py36h5f95a39_1
ncurses=6.1=hf484d3e_0
notebook=5.5.0=py36_0
numpy=1.14.5=py36hcd700cb_3
numpy-base=1.14.5=py36hdbf6ddf_3
openssl=1.0.2o=h20670df_0
pandoc=2.2.1=h629c226_0
pandocfilters=1.4.2=py36ha6701b7_1
parso=0.2.1=py36_0
pexpect=4.6.0=py36_0
pickleshare=0.7.4=py36h63277f8_0
pip=10.0.1=py36_0
prompt_toolkit=1.0.15=py36h17d85b1_0
protobuf=3.5.2=py36hf484d3e_0
ptyprocess=0.6.0=py36_0
pycparser=2.18=py36hf9f622e_1
pygments=2.2.0=py36h0d3125c_0
pyopenssl=18.0.0=py36_0
pysocks=1.6.8=py36_0
python=3.6.6=hc3d631a_0
python-dateutil=2.7.3=py36_0
pytz=2018.5=py36_0
pyyaml=3.12=py36hafb9ca4_1
pyzmq=17.0.0=py36h14c3975_0
readline=7.0=ha6073c6_4
requests=2.19.1=py36_0
scikit-learn=0.19.1=py36h7aa7ec6_0
scipy=1.1.0=py36hfc37229_0
send2trash=1.5.0=py36_0
setuptools=39.2.0=py36_0
simplegeneric=0.8.1=py36_2
six=1.11.0=py36h372c433_1
sqlite=3.24.0=h84994c4_0
tensorboard=1.8.0=py36hf484d3e_0
tensorflow=1.8.0=hb11d968_0
tensorflow-base=1.8.0=py36hc1a7637_0
tensorflow-gpu=1.8.0=h7b35bdc_0
termcolor=1.1.0=py36_1
terminado=0.8.1=py36_1
testpath=0.3.1=py36h8cadb63_0
tk=8.6.7=hc745277_3
tornado=5.0.2=py36_0
traitlets=4.3.2=py36h674d592_0
urllib3=1.23=py36_0
wcwidth=0.1.7=py36hdf4376a_0
werkzeug=0.14.1=py36_0
wheel=0.31.1=py36_0
widgetsnbextension=3.2.1=py36_0
xz=5.2.4=h14c3975_4
yaml=0.1.7=had09818_2
zeromq=4.2.5=h439df22_0
zlib=1.2.11=ha838bed_2
